0.01 0.01 40846.49188246784
0.01 0.11 40846.90322979987
0.01 0.21000000000000002 40848.01052433914
0.01 0.31000000000000005 40850.79694727742
0.01 0.41000000000000003 40857.78504756535
0.01 0.51 40876.089199022674
0.01 0.6100000000000001 40927.73803444331
0.01 0.7100000000000001 41084.98450380056
0.01 0.81 41578.983467834594
0.01 0.91 42991.76680946074
0.01 1.01 45800.510649001066
0.01 1.11 48698.90950154586
0.01 1.2100000000000002 50512.37703526608
0.01 1.31 52027.5659814188
0.01 1.4100000000000001 53785.93631588594
0.01 1.51 54563.31680642119
0.01 1.61 55153.86782764265
0.01 1.7100000000000002 57941.34879063447
0.01 1.81 59829.03874655501
0.01 1.9100000000000001 61754.3242501404
0.01 2.01 28211.163174548157
0.01 2.11 24985.395734308477
0.01 2.21 22406.69542792957
0.01 2.31 22406.69542792957
0.01 2.41 22406.69542792957
0.01 2.51 22406.69542792957
0.01 2.61 22406.69542792957
0.01 2.71 22406.69542792957
0.01 2.81 22406.69542792957
0.01 2.91 22406.69542792957
0.11 0.01 40846.70622726741
0.11 0.11 40851.73224380877
0.11 0.21000000000000002 40868.89164096587
0.11 0.31000000000000005 40929.95678354678
0.11 0.41000000000000003 41158.327663429845
0.11 0.51 41988.94816247396
0.11 0.6100000000000001 44339.75651264728
0.11 0.7100000000000001 47745.25357761336
0.11 0.81 50134.876058146925
0.11 0.91 51932.23209985895
0.11 1.01 53748.88048885128
0.11 1.11 54143.16140714598
0.11 1.2100000000000002 54255.93337202559
0.11 1.31 57613.008638028645
0.11 1.4100000000000001 59820.15210949669
0.11 1.51 62735.20032016883
0.11 1.61 22406.69542792957
0.11 1.7100000000000002 22406.69542792957
0.11 1.81 22406.69542792957
0.11 1.9100000000000001 22406.69542792957
0.11 2.01 22406.69542792957
0.11 2.11 22406.69542792957
0.11 2.21 22406.69542792957
0.11 2.31 22406.69542792957
0.11 2.41 22406.69542792957
0.11 2.51 22406.69542792957
0.11 2.61 22406.69542792957
0.11 2.71 22406.69542792957
0.11 2.81 22406.69542792957
0.11 2.91 22406.69542792957
0.21000000000000002 0.01 40846.9231099643
0.21000000000000002 0.11 40857.47865761345
0.21000000000000002 0.21000000000000002 40899.82565873813
0.21000000000000002 0.31000000000000005 41074.53622787262
0.21000000000000002 0.41000000000000003 41773.91103229959
0.21000000000000002 0.51 43983.48713222726
0.21000000000000002 0.6100000000000001 47523.83195978906
0.21000000000000002 0.7100000000000001 50081.04933277646
0.21000000000000002 0.81 51984.84659980327
0.21000000000000002 0.91 53808.37526907262
0.21000000000000002 1.01 54105.110225312514
0.21000000000000002 1.11 54066.21173471077
0.21000000000000002 1.2100000000000002 57283.50868440488
0.21000000000000002 1.31 59778.24282249237
0.21000000000000002 1.4100000000000001 62691.0086788521
0.21000000000000002 1.51 22406.69542792957
0.21000000000000002 1.61 22406.69542792957
0.21000000000000002 1.7100000000000002 22406.69542792957
0.21000000000000002 1.81 22406.69542792957
0.21000000000000002 1.9100000000000001 22406.69542792957
0.21000000000000002 2.01 22406.69542792957
0.21000000000000002 2.11 22406.69542792957
0.21000000000000002 2.21 22406.69542792957
0.21000000000000002 2.31 22406.69542792957
0.21000000000000002 2.41 22406.69542792957
0.21000000000000002 2.51 22406.69542792957
0.21000000000000002 2.61 22406.69542792957
0.21000000000000002 2.71 22406.69542792957
0.21000000000000002 2.81 22406.69542792957
0.21000000000000002 2.91 22406.69542792957
0.31000000000000005 0.01 40847.142531463614
0.31000000000000005 0.11 40864.14718698813
0.31000000000000005 0.21000000000000002 40940.88392903667
0.31000000000000005 0.31000000000000005 41282.55274474519
0.31000000000000005 0.41000000000000003 42620.43006966614
0.31000000000000005 0.51 45877.52372296562
0.31000000000000005 0.6100000000000001 49123.98256358403
0.31000000000000005 0.7100000000000001 51196.51918188338
0.31000000000000005 0.81 53245.917286244956
0.31000000000000005 0.91 54082.19982936431
0.31000000000000005 1.01 54022.13980154622
0.31000000000000005 1.11 56811.647885143095
0.31000000000000005 1.2100000000000002 59045.4581324156
0.31000000000000005 1.31 62903.23008179796
0.31000000000000005 1.4100000000000001 22406.69542792957
0.31000000000000005 1.51 22406.69542792957
0.31000000000000005 1.61 22406.69542792957
0.31000000000000005 1.7100000000000002 22406.69542792957
0.31000000000000005 1.81 22406.69542792957
0.31000000000000005 1.9100000000000001 22406.69542792957
0.31000000000000005 2.01 22406.69542792957
0.31000000000000005 2.11 22406.69542792957
0.31000000000000005 2.21 22406.69542792957
0.31000000000000005 2.31 22406.69542792957
0.31000000000000005 2.41 22406.69542792957
0.31000000000000005 2.51 22406.69542792957
0.31000000000000005 2.61 22406.69542792957
0.31000000000000005 2.71 22406.69542792957
0.31000000000000005 2.81 22406.69542792957
0.31000000000000005 2.91 22406.69542792957
0.41000000000000003 0.01 40847.364492666355
0.41000000000000003 0.11 40871.74199343204
0.41000000000000003 0.21000000000000002 40992.06956107789
0.41000000000000003 0.31000000000000005 41549.30836838646
0.41000000000000003 0.41000000000000003 43581.69332736622
0.41000000000000003 0.51 47277.52503966413
0.41000000000000003 0.6100000000000001 50035.38534666773
0.41000000000000003 0.7100000000000001 52065.4632008504
0.41000000000000003 0.81 53878.40736477382
0.41000000000000003 0.91 54084.43507193734
0.41000000000000003 1.01 53945.37418917631
0.41000000000000003 1.11 56903.75294086204
0.41000000000000003 1.2100000000000002 59563.200563654966
0.41000000000000003 1.31 61892.27101251366
0.41000000000000003 1.4100000000000001 22406.69542792957
0.41000000000000003 1.51 22406.69542792957
0.41000000000000003 1.61 22406.69542792957
0.41000000000000003 1.7100000000000002 22406.69542792957
0.41000000000000003 1.81 22406.69542792957
0.41000000000000003 1.9100000000000001 22406.69542792957
0.41000000000000003 2.01 22406.69542792957
0.41000000000000003 2.11 22406.69542792957
0.41000000000000003 2.21 22406.69542792957
0.41000000000000003 2.31 22406.69542792957
0.41000000000000003 2.41 22406.69542792957
0.41000000000000003 2.51 22406.69542792957
0.41000000000000003 2.61 22406.69542792957
0.41000000000000003 2.71 22406.69542792957
0.41000000000000003 2.81 22406.69542792957
0.41000000000000003 2.91 22406.69542792957
0.51 0.01 40847.58899446927
0.51 0.11 40880.26667497067
0.51 0.21000000000000002 41053.31645624076
0.51 0.31000000000000005 41867.76006471565
0.51 0.41000000000000003 44547.86387604471
0.51 0.51 48262.30679188866
0.51 0.6100000000000001 50681.93767392488
0.51 0.7100000000000001 52796.804548881446
0.51 0.81 54051.93832580025
0.51 0.91 54009.219807776884
0.51 1.01 55622.84652917141
0.51 1.11 57003.425531168104
0.51 1.2100000000000002 59723.825248279485
0.51 1.31 24173.35456319111
0.51 1.4100000000000001 22406.69542792957
0.51 1.51 22406.69542792957
0.51 1.61 22406.69542792957
0.51 1.7100000000000002 22406.69542792957
0.51 1.81 22406.69542792957
0.51 1.9100000000000001 22406.69542792957
0.51 2.01 22406.69542792957
0.51 2.11 22406.69542792957
0.51 2.21 22406.69542792957
0.51 2.31 22406.69542792957
0.51 2.41 22406.69542792957
0.51 2.51 22406.69542792957
0.51 2.61 22406.69542792957
0.51 2.71 22406.69542792957
0.51 2.81 22406.69542792957
0.51 2.91 22406.69542792957
0.6100000000000001 0.01 40847.81603776505
0.6100000000000001 0.11 40889.724257920796
0.6100000000000001 0.21000000000000002 41124.48951121925
0.6100000000000001 0.31000000000000005 42229.0821981519
0.6100000000000001 0.41000000000000003 45441.671944094014
0.6100000000000001 0.51 48975.994912217386
0.6100000000000001 0.6100000000000001 51214.202598849915
0.6100000000000001 0.7100000000000001 53359.47328398883
0.6100000000000001 0.81 54082.812676517904
0.6100000000000001 0.91 54002.805795896995
0.6100000000000001 1.01 56640.456510523014
0.6100000000000001 1.11 58582.34843652655
0.6100000000000001 1.2100000000000002 62692.85262291908
0.6100000000000001 1.31 22406.69542792957
0.6100000000000001 1.4100000000000001 22406.69542792957
0.6100000000000001 1.51 22406.69542792957
0.6100000000000001 1.61 22406.69542792957
0.6100000000000001 1.7100000000000002 22406.69542792957
0.6100000000000001 1.81 22406.69542792957
0.6100000000000001 1.9100000000000001 22406.69542792957
0.6100000000000001 2.01 22406.69542792957
0.6100000000000001 2.11 22406.69542792957
0.6100000000000001 2.21 22406.69542792957
0.6100000000000001 2.31 22406.69542792957
0.6100000000000001 2.41 22406.69542792957
0.6100000000000001 2.51 22406.69542792957
0.6100000000000001 2.61 22406.69542792957
0.6100000000000001 2.71 22406.69542792957
0.6100000000000001 2.81 22406.69542792957
0.6100000000000001 2.91 22406.69542792957
0.7100000000000001 0.01 40848.045623442194
0.7100000000000001 0.11 40900.1171896247
0.7100000000000001 0.21000000000000002 41205.3859388006
0.7100000000000001 0.31000000000000005 42623.33861489441
0.7100000000000001 0.41000000000000003 46225.45885416918
0.7100000000000001 0.51 49514.186332854515
0.7100000000000001 0.6100000000000001 51688.567116004764
0.7100000000000001 0.7100000000000001 53730.663999775075
0.7100000000000001 0.81 54086.118337222404
0.7100000000000001 0.91 53946.866721800696
0.7100000000000001 1.01 56642.22860562902
0.7100000000000001 1.11 58768.57838949227
0.7100000000000001 1.2100000000000002 61799.4655244368
0.7100000000000001 1.31 22406.69542792957
0.7100000000000001 1.4100000000000001 22406.69542792957
0.7100000000000001 1.51 22406.69542792957
0.7100000000000001 1.61 22406.69542792957
0.7100000000000001 1.7100000000000002 22406.69542792957
0.7100000000000001 1.81 22406.69542792957
0.7100000000000001 1.9100000000000001 22406.69542792957
0.7100000000000001 2.01 22406.69542792957
0.7100000000000001 2.11 22406.69542792957
0.7100000000000001 2.21 22406.69542792957
0.7100000000000001 2.31 22406.69542792957
0.7100000000000001 2.41 22406.69542792957
0.7100000000000001 2.51 22406.69542792957
0.7100000000000001 2.61 22406.69542792957
0.7100000000000001 2.71 22406.69542792957
0.7100000000000001 2.81 22406.69542792957
0.7100000000000001 2.91 22406.69542792957
0.81 0.01 40848.27775238501
0.81 0.11 40911.44733215491
0.81 0.21000000000000002 41295.737635140315
0.81 0.31000000000000005 43040.181447113646
0.81 0.41000000000000003 46893.37467562676
0.81 0.51 49942.74484503142
0.81 0.6100000000000001 52123.894533394436
0.81 0.7100000000000001 53933.71361394483
0.81 0.81 54077.13060808925
0.81 0.91 53948.22042949049
0.81 1.01 56643.94892451746
0.81 1.11 58892.142249995886
0.81 1.2100000000000002 56058.7673321454
0.81 1.31 22406.69542792957
0.81 1.4100000000000001 22406.69542792957
0.81 1.51 22406.69542792957
0.81 1.61 22406.69542792957
0.81 1.7100000000000002 22406.69542792957
0.81 1.81 22406.69542792957
0.81 1.9100000000000001 22406.69542792957
0.81 2.01 22406.69542792957
0.81 2.11 22406.69542792957
0.81 2.21 22406.69542792957
0.81 2.31 22406.69542792957
0.81 2.41 22406.69542792957
0.81 2.51 22406.69542792957
0.81 2.61 22406.69542792957
0.81 2.71 22406.69542792957
0.81 2.81 22406.69542792957
0.81 2.91 22406.69542792957
0.91 0.01 40848.51242547366
0.91 0.11 40923.71595699031
0.91 0.21000000000000002 41395.21450528965
0.91 0.31000000000000005 43469.50381962221
0.91 0.41000000000000003 47457.752553647646
0.91 0.51 50303.74218556698
0.91 0.6100000000000001 52521.5496098981
0.91 0.7100000000000001 54027.50588162861
0.91 0.81 54037.05928483355
0.91 0.91 54423.13571125048
0.91 1.01 56645.56343735322
0.91 1.11 59007.08663767746
0.91 1.2100000000000002 22406.69542792957
0.91 1.31 22406.69542792957
0.91 1.4100000000000001 22406.69542792957
0.91 1.51 22406.69542792957
0.91 1.61 22406.69542792957
0.91 1.7100000000000002 22406.69542792957
0.91 1.81 22406.69542792957
0.91 1.9100000000000001 22406.69542792957
0.91 2.01 22406.69542792957
0.91 2.11 22406.69542792957
0.91 2.21 22406.69542792957
0.91 2.31 22406.69542792957
0.91 2.41 22406.69542792957
0.91 2.51 22406.69542792957
0.91 2.61 22406.69542792957
0.91 2.71 22406.69542792957
0.91 2.81 22406.69542792957
0.91 2.91 22406.69542792957
1.01 0.01 40848.74964358411
1.01 0.11 40936.923740661405
1.01 0.21000000000000002 41503.42864451922
1.01 0.31000000000000005 43901.99062005767
1.01 0.41000000000000003 47936.744272835895
1.01 0.51 50621.02115187042
1.01 0.6100000000000001 52876.54995102935
1.01 0.7100000000000001 54066.66930835939
1.01 0.81 54006.69697813289
1.01 0.91 56418.530713685075
1.01 1.01 56645.63179585792
1.01 1.11 59123.27850813987
1.01 1.2100000000000002 22406.69542792957
1.01 1.31 22406.69542792957
1.01 1.4100000000000001 22406.69542792957
1.01 1.51 22406.69542792957
1.01 1.61 22406.69542792957
1.01 1.7100000000000002 22406.69542792957
1.01 1.81 22406.69542792957
1.01 1.9100000000000001 22406.69542792957
1.01 2.01 22406.69542792957
1.01 2.11 22406.69542792957
1.01 2.21 22406.69542792957
1.01 2.31 22406.69542792957
1.01 2.41 22406.69542792957
1.01 2.51 22406.69542792957
1.01 2.61 22406.69542792957
1.01 2.71 22406.69542792957
1.01 2.81 22406.69542792957
1.01 2.91 22406.69542792957
1.11 0.01 40848.9894075882
1.11 0.11 40951.07076136168
1.11 0.21000000000000002 41619.93926179363
1.11 0.31000000000000005 44329.53157597099
1.11 0.41000000000000003 48346.918083343255
1.11 0.51 50908.52503602386
1.11 0.6100000000000001 53183.04281546647
1.11 0.7100000000000001 54082.72835219929
1.11 0.81 54020.828416470045
1.11 0.91 56609.42749905683
1.11 1.01 56760.21718094202
1.11 1.11 60396.05904948304
1.11 1.2100000000000002 22406.69542792957
1.11 1.31 22406.69542792957
1.11 1.4100000000000001 22406.69542792957
1.11 1.51 22406.69542792957
1.11 1.61 22406.69542792957
1.11 1.7100000000000002 22406.69542792957
1.11 1.81 22406.69542792957
1.11 1.9100000000000001 22406.69542792957
1.11 2.01 22406.69542792957
1.11 2.11 22406.69542792957
1.11 2.21 22406.69542792957
1.11 2.31 22406.69542792957
1.11 2.41 22406.69542792957
1.11 2.51 22406.69542792957
1.11 2.61 22406.69542792957
1.11 2.71 22406.69542792957
1.11 2.81 22406.69542792957
1.11 2.91 22406.69542792957
1.2100000000000002 0.01 40849.23171835344
1.2100000000000002 0.11 40966.15649651842
1.2100000000000002 0.21000000000000002 41744.25822368393
1.2100000000000002 0.31000000000000005 44745.48110899329
1.2100000000000002 0.41000000000000003 48701.19274374987
1.2100000000000002 0.51 51175.044253760076
1.2100000000000002 0.6100000000000001 53436.92955163904
1.2100000000000002 0.7100000000000001 54089.71906191288
1.2100000000000002 0.81 54011.32139870884
1.2100000000000002 0.91 56613.09619171146
1.2100000000000002 1.01 58077.73926738914
1.2100000000000002 1.11 61006.65688082914
1.2100000000000002 1.2100000000000002 22406.69542792957
1.2100000000000002 1.31 22406.69542792957
1.2100000000000002 1.4100000000000001 22406.69542792957
1.2100000000000002 1.51 22406.69542792957
1.2100000000000002 1.61 22406.69542792957
1.2100000000000002 1.7100000000000002 22406.69542792957
1.2100000000000002 1.81 22406.69542792957
1.2100000000000002 1.9100000000000001 22406.69542792957
1.2100000000000002 2.01 22406.69542792957
1.2100000000000002 2.11 22406.69542792957
1.2100000000000002 2.21 22406.69542792957
1.2100000000000002 2.31 22406.69542792957
1.2100000000000002 2.41 22406.69542792957
1.2100000000000002 2.51 22406.69542792957
1.2100000000000002 2.61 22406.69542792957
1.2100000000000002 2.71 22406.69542792957
1.2100000000000002 2.81 22406.69542792957
1.2100000000000002 2.91 22406.69542792957
1.31 0.01 40849.47657674328
1.31 0.11 40982.17982131698
1.31 0.21000000000000002 41875.85609209557
1.31 0.31000000000000005 45144.767897526996
1.31 0.41000000000000003 49009.65056048342
1.31 0.51 51426.16919318835
1.31 0.6100000000000001 53637.388222840804
1.31 0.7100000000000001 54092.907848707306
1.31 0.81 53980.11888710235
1.31 0.91 56616.45133805998
1.31 1.01 58102.33661781629
1.31 1.11 56832.305086902765
1.31 1.2100000000000002 22406.69542792957
1.31 1.31 22406.69542792957
1.31 1.4100000000000001 22406.69542792957
1.31 1.51 22406.69542792957
1.31 1.61 22406.69542792957
1.31 1.7100000000000002 22406.69542792957
1.31 1.81 22406.69542792957
1.31 1.9100000000000001 22406.69542792957
1.31 2.01 22406.69542792957
1.31 2.11 22406.69542792957
1.31 2.21 22406.69542792957
1.31 2.31 22406.69542792957
1.31 2.41 22406.69542792957
1.31 2.51 22406.69542792957
1.31 2.61 22406.69542792957
1.31 2.71 22406.69542792957
1.31 2.81 22406.69542792957
1.31 2.91 22406.69542792957
1.4100000000000001 0.01 40849.72398361695
1.4100000000000001 0.11 40999.13900816806
1.4100000000000001 0.21000000000000002 42014.16852738549
1.4100000000000001 0.31000000000000005 45523.872307732934
1.4100000000000001 0.41000000000000003 49280.70930383103
1.4100000000000001 0.51 51665.22282007591
1.4100000000000001 0.6100000000000001 53787.64909027234
1.4100000000000001 0.7100000000000001 54093.47626232065
1.4100000000000001 0.81 53957.598555197415
1.4100000000000001 0.91 56620.408353923376
1.4100000000000001 1.01 58104.95599772679
1.4100000000000001 1.11 56139.983012202865
1.4100000000000001 1.2100000000000002 22406.69542792957
1.4100000000000001 1.31 22406.69542792957
1.4100000000000001 1.4100000000000001 22406.69542792957
1.4100000000000001 1.51 22406.69542792957
1.4100000000000001 1.61 22406.69542792957
1.4100000000000001 1.7100000000000002 22406.69542792957
1.4100000000000001 1.81 22406.69542792957
1.4100000000000001 1.9100000000000001 22406.69542792957
1.4100000000000001 2.01 22406.69542792957
1.4100000000000001 2.11 22406.69542792957
1.4100000000000001 2.21 22406.69542792957
1.4100000000000001 2.31 22406.69542792957
1.4100000000000001 2.41 22406.69542792957
1.4100000000000001 2.51 22406.69542792957
1.4100000000000001 2.61 22406.69542792957
1.4100000000000001 2.71 22406.69542792957
1.4100000000000001 2.81 22406.69542792957
1.4100000000000001 2.91 22406.69542792957
1.51 0.01 40849.97393982942
1.51 0.11 41017.03172710821
1.51 0.21000000000000002 42158.602929594475
1.51 0.31000000000000005 45880.70020326017
1.51 0.41000000000000003 49521.663046567286
1.51 0.51 51893.8976880121
1.51 0.6100000000000001 53894.65140020395
1.51 0.7100000000000001 54090.08181544151
1.51 0.81 53979.877816954366
1.51 0.91 56624.93389119784
1.51 1.01 58107.14122073756
1.51 1.11 24173.31284550409
1.51 1.2100000000000002 22406.69542792957
1.51 1.31 22406.69542792957
1.51 1.4100000000000001 22406.69542792957
1.51 1.51 22406.69542792957
1.51 1.61 22406.69542792957
1.51 1.7100000000000002 22406.69542792957
1.51 1.81 22406.69542792957
1.51 1.9100000000000001 22406.69542792957
1.51 2.01 22406.69542792957
1.51 2.11 22406.69542792957
1.51 2.21 22406.69542792957
1.51 2.31 22406.69542792957
1.51 2.41 22406.69542792957
1.51 2.51 22406.69542792957
1.51 2.61 22406.69542792957
1.51 2.71 22406.69542792957
1.51 2.81 22406.69542792957
1.51 2.91 22406.69542792957
1.61 0.01 40850.22644623153
1.61 0.11 41035.85504712082
1.61 0.21000000000000002 42308.545194386155
1.61 0.31000000000000005 46214.38566585546
1.61 0.41000000000000003 49738.696222866565
1.61 0.51 52112.76805372259
1.61 0.6100000000000001 53967.496061823746
1.61 0.7100000000000001 54078.97666911752
1.61 0.81 54050.27978696006
1.61 0.91 56629.98026978254
1.61 1.01 58108.34475619227
1.61 1.11 22406.69542792957
1.61 1.2100000000000002 22406.69542792957
1.61 1.31 22406.69542792957
1.61 1.4100000000000001 22406.69542792957
1.61 1.51 22406.69542792957
1.61 1.61 22406.69542792957
1.61 1.7100000000000002 22406.69542792957
1.61 1.81 22406.69542792957
1.61 1.9100000000000001 22406.69542792957
1.61 2.01 22406.69542792957
1.61 2.11 22406.69542792957
1.61 2.21 22406.69542792957
1.61 2.31 22406.69542792957
1.61 2.41 22406.69542792957
1.61 2.51 22406.69542792957
1.61 2.61 22406.69542792957
1.61 2.71 22406.69542792957
1.61 2.81 22406.69542792957
1.61 2.91 22406.69542792957
1.7100000000000002 0.01 40850.48150366984
1.7100000000000002 0.11 41055.605438363076
1.7100000000000002 0.21000000000000002 42463.36646653695
1.7100000000000002 0.31000000000000005 46525.053050817434
1.7100000000000002 0.41000000000000003 49936.791656424604
1.7100000000000002 0.51 52321.695069391084
1.7100000000000002 0.6100000000000001 54015.42796418228
1.7100000000000002 0.7100000000000001 54055.96428396791
1.7100000000000002 0.81 54296.250495864595
1.7100000000000002 0.91 56635.46693528784
1.7100000000000002 1.01 58107.29159337055
1.7100000000000002 1.11 22406.69542792957
1.7100000000000002 1.2100000000000002 22406.69542792957
1.7100000000000002 1.31 22406.69542792957
1.7100000000000002 1.4100000000000001 22406.69542792957
1.7100000000000002 1.51 22406.69542792957
1.7100000000000002 1.61 22406.69542792957
1.7100000000000002 1.7100000000000002 22406.69542792957
1.7100000000000002 1.81 22406.69542792957
1.7100000000000002 1.9100000000000001 22406.69542792957
1.7100000000000002 2.01 22406.69542792957
1.7100000000000002 2.11 22406.69542792957
1.7100000000000002 2.21 22406.69542792957
1.7100000000000002 2.31 22406.69542792957
1.7100000000000002 2.41 22406.69542792957
1.7100000000000002 2.51 22406.69542792957
1.7100000000000002 2.61 22406.69542792957
1.7100000000000002 2.71 22406.69542792957
1.7100000000000002 2.81 22406.69542792957
1.7100000000000002 2.91 22406.69542792957
1.81 0.01 40850.73911298677
1.81 0.11 41076.27877528445
1.81 0.21000000000000002 42622.42978207698
1.81 0.31000000000000005 46813.56342162501
1.81 0.41000000000000003 50119.787090977086
1.81 0.51 52520.128720297216
1.81 0.6100000000000001 54046.33320099211
1.81 0.7100000000000001 54030.528381987744
1.81 0.81 55089.33222209829
1.81 0.91 56641.20006752919
1.81 1.01 58101.14764275045
1.81 1.11 22406.69542792957
1.81 1.2100000000000002 22406.69542792957
1.81 1.31 22406.69542792957
1.81 1.4100000000000001 22406.69542792957
1.81 1.51 22406.69542792957
1.81 1.61 22406.69542792957
1.81 1.7100000000000002 22406.69542792957
1.81 1.81 22406.69542792957
1.81 1.9100000000000001 22406.69542792957
1.81 2.01 22406.69542792957
1.81 2.11 22406.69542792957
1.81 2.21 22406.69542792957
1.81 2.31 22406.69542792957
1.81 2.41 22406.69542792957
1.81 2.51 22406.69542792957
1.81 2.61 22406.69542792957
1.81 2.71 22406.69542792957
1.81 2.81 22406.69542792957
1.81 2.91 22406.69542792957
1.9100000000000001 0.01 40850.99927502039
1.9100000000000001 0.11 41097.87034061884
1.9100000000000001 0.21000000000000002 42785.09650003069
1.9100000000000001 0.31000000000000005 47081.26583732813
1.9100000000000001 0.41000000000000003 50290.576272534585
1.9100000000000001 0.51 52707.32167933678
1.9100000000000001 0.6100000000000001 54066.156724406384
1.9100000000000001 0.7100000000000001 54033.91964805454
1.9100000000000001 0.81 56295.4026804553
1.9100000000000001 0.91 56646.60377541119
1.9100000000000001 1.01 58086.83346111415
1.9100000000000001 1.11 22406.69542792957
1.9100000000000001 1.2100000000000002 22406.69542792957
1.9100000000000001 1.31 22406.69542792957
1.9100000000000001 1.4100000000000001 22406.69542792957
1.9100000000000001 1.51 22406.69542792957
1.9100000000000001 1.61 22406.69542792957
1.9100000000000001 1.7100000000000002 22406.69542792957
1.9100000000000001 1.81 22406.69542792957
1.9100000000000001 1.9100000000000001 22406.69542792957
1.9100000000000001 2.01 22406.69542792957
1.9100000000000001 2.11 22406.69542792957
1.9100000000000001 2.21 22406.69542792957
1.9100000000000001 2.31 22406.69542792957
1.9100000000000001 2.41 22406.69542792957
1.9100000000000001 2.51 22406.69542792957
1.9100000000000001 2.61 22406.69542792957
1.9100000000000001 2.71 22406.69542792957
1.9100000000000001 2.81 22406.69542792957
1.9100000000000001 2.91 22406.69542792957
2.01 0.01 40851.26199060467
2.01 0.11 41120.37483023265
2.01 0.21000000000000002 42950.73243572392
2.01 0.31000000000000005 47329.77200739673
2.01 0.41000000000000003 50451.34854732518
2.01 0.51 52882.47704964384
2.01 0.6100000000000001 54079.013426990976
2.01 0.7100000000000001 54049.256048068375
2.01 0.81 56636.76223550165
2.01 0.91 56650.128946090175
2.01 1.01 58673.21047147942
2.01 1.11 22406.69542792957
2.01 1.2100000000000002 22406.69542792957
2.01 1.31 22406.69542792957
2.01 1.4100000000000001 22406.69542792957
2.01 1.51 22406.69542792957
2.01 1.61 22406.69542792957
2.01 1.7100000000000002 22406.69542792957
2.01 1.81 22406.69542792957
2.01 1.9100000000000001 22406.69542792957
2.01 2.01 22406.69542792957
2.01 2.11 22406.69542792957
2.01 2.21 22406.69542792957
2.01 2.31 22406.69542792957
2.01 2.41 22406.69542792957
2.01 2.51 22406.69542792957
2.01 2.61 22406.69542792957
2.01 2.71 22406.69542792957
2.01 2.81 22406.69542792957
2.01 2.91 22406.69542792957
2.11 0.01 40851.52726056928
2.11 0.11 41143.78635880869
2.11 0.21000000000000002 43118.71361941364
2.11 0.31000000000000005 47560.77115599573
2.11 0.41000000000000003 50603.791605669314
2.11 0.51 53044.85148583316
2.11 0.6100000000000001 54087.59114093771
2.11 0.7100000000000001 54055.61673007809
2.11 0.81 56670.657629673995
2.11 0.91 56657.066871999166
2.11 1.01 58998.50604629338
2.11 1.11 22406.69542792957
2.11 1.2100000000000002 22406.69542792957
2.11 1.31 22406.69542792957
2.11 1.4100000000000001 22406.69542792957
2.11 1.51 22406.69542792957
2.11 1.61 22406.69542792957
2.11 1.7100000000000002 22406.69542792957
2.11 1.81 22406.69542792957
2.11 1.9100000000000001 22406.69542792957
2.11 2.01 22406.69542792957
2.11 2.11 22406.69542792957
2.11 2.21 22406.69542792957
2.11 2.31 22406.69542792957
2.11 2.41 22406.69542792957
2.11 2.51 22406.69542792957
2.11 2.61 22406.69542792957
2.11 2.71 22406.69542792957
2.11 2.81 22406.69542792957
2.11 2.91 22406.69542792957
2.21 0.01 40851.79508573967
2.21 0.11 41168.09846634562
2.21 0.21000000000000002 43288.43161620061
2.21 0.31000000000000005 47775.89680132686
2.21 0.41000000000000003 50749.235962140716
2.21 0.51 53193.83058093604
2.21 0.6100000000000001 54093.57436475079
2.21 0.7100000000000001 54056.23599152219
2.21 0.81 56680.651979623784
2.21 0.91 56955.4423515957
2.21 1.01 59262.27245572442
2.21 1.11 22406.69542792957
2.21 1.2100000000000002 22406.69542792957
2.21 1.31 22406.69542792957
2.21 1.4100000000000001 22406.69542792957
2.21 1.51 22406.69542792957
2.21 1.61 22406.69542792957
2.21 1.7100000000000002 22406.69542792957
2.21 1.81 22406.69542792957
2.21 1.9100000000000001 22406.69542792957
2.21 2.01 22406.69542792957
2.21 2.11 22406.69542792957
2.21 2.21 22406.69542792957
2.21 2.31 22406.69542792957
2.21 2.41 22406.69542792957
2.21 2.51 22406.69542792957
2.21 2.61 22406.69542792957
2.21 2.71 22406.69542792957
2.21 2.81 22406.69542792957
2.21 2.91 22406.69542792957
2.31 0.01 40852.06546693705
2.31 0.11 41193.304125450006
2.31 0.21000000000000002 43459.298355488965
2.31 0.31000000000000005 47976.64795226691
2.31 0.41000000000000003 50888.74918918796
2.31 0.51 53328.98732465812
2.31 0.6100000000000001 54097.97982151288
2.31 0.7100000000000001 54051.505996514876
2.31 0.81 56689.42577966081
2.31 0.91 57506.59218255747
2.31 1.01 55583.44578374959
2.31 1.11 22406.69542792957
2.31 1.2100000000000002 22406.69542792957
2.31 1.31 22406.69542792957
2.31 1.4100000000000001 22406.69542792957
2.31 1.51 22406.69542792957
2.31 1.61 22406.69542792957
2.31 1.7100000000000002 22406.69542792957
2.31 1.81 22406.69542792957
2.31 1.9100000000000001 22406.69542792957
2.31 2.01 22406.69542792957
2.31 2.11 22406.69542792957
2.31 2.21 22406.69542792957
2.31 2.31 22406.69542792957
2.31 2.41 22406.69542792957
2.31 2.51 22406.69542792957
2.31 2.61 22406.69542792957
2.31 2.71 22406.69542792957
2.31 2.81 22406.69542792957
2.31 2.91 22406.69542792957
2.41 0.01 40852.338404978385
2.41 0.11 41219.395749398784
2.41 0.21000000000000002 43630.75043041755
2.41 0.31000000000000005 48164.357451156386
2.41 0.41000000000000003 51023.19543354017
2.41 0.51 53450.12833990185
2.41 0.6100000000000001 54101.387866818266
2.41 0.7100000000000001 54040.4305953684
2.41 0.81 56698.330718958285
2.41 0.91 57924.00051004656
2.41 1.01 55431.50746899259
2.41 1.11 22406.69542792957
2.41 1.2100000000000002 22406.69542792957
2.41 1.31 22406.69542792957
2.41 1.4100000000000001 22406.69542792957
2.41 1.51 22406.69542792957
2.41 1.61 22406.69542792957
2.41 1.7100000000000002 22406.69542792957
2.41 1.81 22406.69542792957
2.41 1.9100000000000001 22406.69542792957
2.41 2.01 22406.69542792957
2.41 2.11 22406.69542792957
2.41 2.21 22406.69542792957
2.41 2.31 22406.69542792957
2.41 2.41 22406.69542792957
2.41 2.51 22406.69542792957
2.41 2.61 22406.69542792957
2.41 2.71 22406.69542792957
2.41 2.81 22406.69542792957
2.41 2.91 22406.69542792957
2.51 0.01 40852.61390067641
2.51 0.11 41246.36520094682
2.51 0.21000000000000002 43802.25283950729
2.51 0.31000000000000005 48340.19401595722
2.51 0.41000000000000003 51153.27367220479
2.51 0.51 53557.327376667294
2.51 0.6100000000000001 54104.08761388188
2.51 0.7100000000000001 54025.55220635624
2.51 0.81 56707.41006767714
2.51 0.91 57943.425712089025
2.51 1.01 55817.75353527779
2.51 1.11 22406.69542792957
2.51 1.2100000000000002 22406.69542792957
2.51 1.31 22406.69542792957
2.51 1.4100000000000001 22406.69542792957
2.51 1.51 22406.69542792957
2.51 1.61 22406.69542792957
2.51 1.7100000000000002 22406.69542792957
2.51 1.81 22406.69542792957
2.51 1.9100000000000001 22406.69542792957
2.51 2.01 22406.69542792957
2.51 2.11 22406.69542792957
2.51 2.21 22406.69542792957
2.51 2.31 22406.69542792957
2.51 2.41 22406.69542792957
2.51 2.51 22406.69542792957
2.51 2.61 22406.69542792957
2.51 2.71 22406.69542792957
2.51 2.81 22406.69542792957
2.51 2.91 22406.69542792957
2.61 0.01 40852.89195483954
2.61 0.11 41274.203801855045
2.61 0.21000000000000002 43973.30215409876
2.61 0.31000000000000005 48505.18343066167
2.61 0.41000000000000003 51279.5439326624
2.61 0.51 53650.942029719
2.61 0.6100000000000001 54106.15859253687
2.61 0.7100000000000001 54016.80182964974
2.61 0.81 56716.62946530143
2.61 0.91 57943.22329931654
2.61 1.01 24173.31284550409
2.61 1.11 22406.69542792957
2.61 1.2100000000000002 22406.69542792957
2.61 1.31 22406.69542792957
2.61 1.4100000000000001 22406.69542792957
2.61 1.51 22406.69542792957
2.61 1.61 22406.69542792957
2.61 1.7100000000000002 22406.69542792957
2.61 1.81 22406.69542792957
2.61 1.9100000000000001 22406.69542792957
2.61 2.01 22406.69542792957
2.61 2.11 22406.69542792957
2.61 2.21 22406.69542792957
2.61 2.31 22406.69542792957
2.61 2.41 22406.69542792957
2.61 2.51 22406.69542792957
2.61 2.61 22406.69542792957
2.61 2.71 22406.69542792957
2.61 2.81 22406.69542792957
2.61 2.91 22406.69542792957
2.71 0.01 40853.172568271984
2.71 0.11 41302.902343112495
2.71 0.21000000000000002 44143.4291058835
2.71 0.31000000000000005 48660.23691728803
2.71 0.41000000000000003 51402.44704821276
2.71 0.51 53731.608711077184
2.71 0.6100000000000001 54107.507302854014
2.71 0.7100000000000001 54022.241292317194
2.71 0.81 56725.95121806348
2.71 0.91 57942.9500942217
2.71 1.01 22406.69542792957
2.71 1.11 22406.69542792957
2.71 1.2100000000000002 22406.69542792957
2.71 1.31 22406.69542792957
2.71 1.4100000000000001 22406.69542792957
2.71 1.51 22406.69542792957
2.71 1.61 22406.69542792957
2.71 1.7100000000000002 22406.69542792957
2.71 1.81 22406.69542792957
2.71 1.9100000000000001 22406.69542792957
2.71 2.01 22406.69542792957
2.71 2.11 22406.69542792957
2.71 2.21 22406.69542792957
2.71 2.31 22406.69542792957
2.71 2.41 22406.69542792957
2.71 2.51 22406.69542792957
2.71 2.61 22406.69542792957
2.71 2.71 22406.69542792957
2.71 2.81 22406.69542792957
2.71 2.91 22406.69542792957
2.81 0.01 40853.45574177368
2.81 0.11 41332.45109582555
2.81 0.21000000000000002 44312.20059885167
2.81 0.31000000000000005 48806.17867243133
2.81 0.41000000000000003 51522.320996830975
2.81 0.51 53800.21299505062
2.81 0.6100000000000001 54107.87258279776
2.81 0.7100000000000001 54036.514474620875
2.81 0.81 56735.338811589216
2.81 0.91 57942.705830293744
2.81 1.01 22406.69542792957
2.81 1.11 22406.69542792957
2.81 1.2100000000000002 22406.69542792957
2.81 1.31 22406.69542792957
2.81 1.4100000000000001 22406.69542792957
2.81 1.51 22406.69542792957
2.81 1.61 22406.69542792957
2.81 1.7100000000000002 22406.69542792957
2.81 1.81 22406.69542792957
2.81 1.9100000000000001 22406.69542792957
2.81 2.01 22406.69542792957
2.81 2.11 22406.69542792957
2.81 2.21 22406.69542792957
2.81 2.31 22406.69542792957
2.81 2.41 22406.69542792957
2.81 2.51 22406.69542792957
2.81 2.61 22406.69542792957
2.81 2.71 22406.69542792957
2.81 2.81 22406.69542792957
2.81 2.91 22406.69542792957
2.91 0.01 40853.74147614026
2.91 0.11 41362.83982274606
2.91 0.21000000000000002 44479.22115919296
2.91 0.31000000000000005 48943.76819332352
2.91 0.41000000000000003 51639.415322308996
2.91 0.51 53857.83698041482
2.91 0.6100000000000001 54106.81426107511
2.91 0.7100000000000001 54055.20374747522
2.91 0.81 56744.757102521195
2.91 0.91 57942.41090758971
2.91 1.01 22406.69542792957
2.91 1.11 22406.69542792957
2.91 1.2100000000000002 22406.69542792957
2.91 1.31 22406.69542792957
2.91 1.4100000000000001 22406.69542792957
2.91 1.51 22406.69542792957
2.91 1.61 22406.69542792957
2.91 1.7100000000000002 22406.69542792957
2.91 1.81 22406.69542792957
2.91 1.9100000000000001 22406.69542792957
2.91 2.01 22406.69542792957
2.91 2.11 22406.69542792957
2.91 2.21 22406.69542792957
2.91 2.31 22406.69542792957
2.91 2.41 22406.69542792957
2.91 2.51 22406.69542792957
2.91 2.61 22406.69542792957
2.91 2.71 22406.69542792957
2.91 2.81 22406.69542792957
2.91 2.91 22406.69542792957
